{
 "cells": [
  {
   "cell_type": "code",
   "execution_count": 1,
   "metadata": {
    "scrolled": true
   },
   "outputs": [],
   "source": [
    "import pandas as pd\n",
    "import numpy as np\n",
    "from sklearn.preprocessing import StandardScaler\n",
    "from sklearn.linear_model import LogisticRegression\n",
    "from sklearn.model_selection import train_test_split, cross_val_score\n",
    "from sklearn.metrics import accuracy_score, precision_score, \\\n",
    "                            recall_score, f1_score, \\\n",
    "                            mean_squared_error, roc_curve, roc_auc_score \n",
    "from sklearn.ensemble import GradientBoostingRegressor, RandomForestClassifier\n",
    "from sklearn.pipeline import Pipeline\n",
    "import re\n",
    "import time\n",
    "from datetime import datetime, timedelta\n",
    "import requests as r\n",
    "import matplotlib.pyplot as plt"
   ]
  },
  {
   "cell_type": "code",
   "execution_count": 2,
   "metadata": {},
   "outputs": [],
   "source": [
    "#In the prior notebook, we scraped performance and weather data and saved the csv\n",
    "#We're now going to use data to train a model\n",
    "#Afterwards, we'll collect current performance, weather, and betting data to predict which teams will cover"
   ]
  },
  {
   "cell_type": "code",
   "execution_count": 3,
   "metadata": {},
   "outputs": [],
   "source": [
    "reg_data = pd.read_csv('/Users/SwagMawi/Documents/GitHub/projects/PredictingNFLGames/training_data_2023.csv')"
   ]
  },
  {
   "cell_type": "code",
   "execution_count": 4,
   "metadata": {},
   "outputs": [],
   "source": [
    "reg_data.columns = [str(i) for i in reg_data.columns]"
   ]
  },
  {
   "cell_type": "code",
   "execution_count": 5,
   "metadata": {
    "scrolled": true
   },
   "outputs": [
    {
     "data": {
      "text/html": [
       "<div>\n",
       "<style scoped>\n",
       "    .dataframe tbody tr th:only-of-type {\n",
       "        vertical-align: middle;\n",
       "    }\n",
       "\n",
       "    .dataframe tbody tr th {\n",
       "        vertical-align: top;\n",
       "    }\n",
       "\n",
       "    .dataframe thead th {\n",
       "        text-align: right;\n",
       "    }\n",
       "</style>\n",
       "<table border=\"1\" class=\"dataframe\">\n",
       "  <thead>\n",
       "    <tr style=\"text-align: right;\">\n",
       "      <th></th>\n",
       "      <th>Rolling_Strength</th>\n",
       "      <th>Opp_Scoring_Spread</th>\n",
       "      <th>Opp_Rolling_Strength</th>\n",
       "      <th>Rolling_Off1stD</th>\n",
       "      <th>Rolling_OffTotYd</th>\n",
       "      <th>Rolling_OffPassY</th>\n",
       "      <th>Rolling_OffRushY</th>\n",
       "      <th>Rolling_OffTO</th>\n",
       "      <th>Rolling_Def1stD</th>\n",
       "      <th>Rolling_DefTotYd</th>\n",
       "      <th>Rolling_DefPassY</th>\n",
       "      <th>Rolling_DefRushY</th>\n",
       "      <th>Rolling_DefTO</th>\n",
       "      <th>Opp_Rolling_Off1stD</th>\n",
       "      <th>Opp_Rolling_OffTotYd</th>\n",
       "    </tr>\n",
       "  </thead>\n",
       "  <tbody>\n",
       "    <tr>\n",
       "      <th>57</th>\n",
       "      <td>3.38</td>\n",
       "      <td>-11.0</td>\n",
       "      <td>-0.69</td>\n",
       "      <td>22.666667</td>\n",
       "      <td>422.000000</td>\n",
       "      <td>294.666667</td>\n",
       "      <td>127.333333</td>\n",
       "      <td>1.666667</td>\n",
       "      <td>19.333333</td>\n",
       "      <td>326.333333</td>\n",
       "      <td>185.666667</td>\n",
       "      <td>140.666667</td>\n",
       "      <td>1.333333</td>\n",
       "      <td>23.666667</td>\n",
       "      <td>400.000000</td>\n",
       "    </tr>\n",
       "    <tr>\n",
       "      <th>400</th>\n",
       "      <td>2.53</td>\n",
       "      <td>76.0</td>\n",
       "      <td>4.47</td>\n",
       "      <td>20.333333</td>\n",
       "      <td>363.333333</td>\n",
       "      <td>273.000000</td>\n",
       "      <td>90.333333</td>\n",
       "      <td>2.000000</td>\n",
       "      <td>23.000000</td>\n",
       "      <td>384.333333</td>\n",
       "      <td>233.000000</td>\n",
       "      <td>151.333333</td>\n",
       "      <td>1.000000</td>\n",
       "      <td>19.000000</td>\n",
       "      <td>323.333333</td>\n",
       "    </tr>\n",
       "    <tr>\n",
       "      <th>450</th>\n",
       "      <td>-13.00</td>\n",
       "      <td>13.0</td>\n",
       "      <td>13.00</td>\n",
       "      <td>NaN</td>\n",
       "      <td>NaN</td>\n",
       "      <td>NaN</td>\n",
       "      <td>NaN</td>\n",
       "      <td>NaN</td>\n",
       "      <td>NaN</td>\n",
       "      <td>NaN</td>\n",
       "      <td>NaN</td>\n",
       "      <td>NaN</td>\n",
       "      <td>NaN</td>\n",
       "      <td>NaN</td>\n",
       "      <td>NaN</td>\n",
       "    </tr>\n",
       "    <tr>\n",
       "      <th>201</th>\n",
       "      <td>-7.00</td>\n",
       "      <td>-2.0</td>\n",
       "      <td>-1.00</td>\n",
       "      <td>NaN</td>\n",
       "      <td>NaN</td>\n",
       "      <td>NaN</td>\n",
       "      <td>NaN</td>\n",
       "      <td>NaN</td>\n",
       "      <td>NaN</td>\n",
       "      <td>NaN</td>\n",
       "      <td>NaN</td>\n",
       "      <td>NaN</td>\n",
       "      <td>NaN</td>\n",
       "      <td>NaN</td>\n",
       "      <td>NaN</td>\n",
       "    </tr>\n",
       "    <tr>\n",
       "      <th>451</th>\n",
       "      <td>-6.00</td>\n",
       "      <td>12.0</td>\n",
       "      <td>4.00</td>\n",
       "      <td>24.000000</td>\n",
       "      <td>419.000000</td>\n",
       "      <td>309.333333</td>\n",
       "      <td>109.666667</td>\n",
       "      <td>1.000000</td>\n",
       "      <td>26.333333</td>\n",
       "      <td>463.333333</td>\n",
       "      <td>350.333333</td>\n",
       "      <td>113.000000</td>\n",
       "      <td>1.666667</td>\n",
       "      <td>22.666667</td>\n",
       "      <td>368.000000</td>\n",
       "    </tr>\n",
       "    <tr>\n",
       "      <th>500</th>\n",
       "      <td>-8.00</td>\n",
       "      <td>51.0</td>\n",
       "      <td>12.75</td>\n",
       "      <td>22.666667</td>\n",
       "      <td>359.333333</td>\n",
       "      <td>247.666667</td>\n",
       "      <td>111.666667</td>\n",
       "      <td>0.333333</td>\n",
       "      <td>26.333333</td>\n",
       "      <td>470.000000</td>\n",
       "      <td>355.666667</td>\n",
       "      <td>114.333333</td>\n",
       "      <td>1.666667</td>\n",
       "      <td>24.000000</td>\n",
       "      <td>420.000000</td>\n",
       "    </tr>\n",
       "  </tbody>\n",
       "</table>\n",
       "</div>"
      ],
      "text/plain": [
       "     Rolling_Strength  Opp_Scoring_Spread  Opp_Rolling_Strength  \\\n",
       "57               3.38               -11.0                 -0.69   \n",
       "400              2.53                76.0                  4.47   \n",
       "450            -13.00                13.0                 13.00   \n",
       "201             -7.00                -2.0                 -1.00   \n",
       "451             -6.00                12.0                  4.00   \n",
       "500             -8.00                51.0                 12.75   \n",
       "\n",
       "     Rolling_Off1stD  Rolling_OffTotYd  Rolling_OffPassY  Rolling_OffRushY  \\\n",
       "57         22.666667        422.000000        294.666667        127.333333   \n",
       "400        20.333333        363.333333        273.000000         90.333333   \n",
       "450              NaN               NaN               NaN               NaN   \n",
       "201              NaN               NaN               NaN               NaN   \n",
       "451        24.000000        419.000000        309.333333        109.666667   \n",
       "500        22.666667        359.333333        247.666667        111.666667   \n",
       "\n",
       "     Rolling_OffTO  Rolling_Def1stD  Rolling_DefTotYd  Rolling_DefPassY  \\\n",
       "57        1.666667        19.333333        326.333333        185.666667   \n",
       "400       2.000000        23.000000        384.333333        233.000000   \n",
       "450            NaN              NaN               NaN               NaN   \n",
       "201            NaN              NaN               NaN               NaN   \n",
       "451       1.000000        26.333333        463.333333        350.333333   \n",
       "500       0.333333        26.333333        470.000000        355.666667   \n",
       "\n",
       "     Rolling_DefRushY  Rolling_DefTO  Opp_Rolling_Off1stD  \\\n",
       "57         140.666667       1.333333            23.666667   \n",
       "400        151.333333       1.000000            19.000000   \n",
       "450               NaN            NaN                  NaN   \n",
       "201               NaN            NaN                  NaN   \n",
       "451        113.000000       1.666667            22.666667   \n",
       "500        114.333333       1.666667            24.000000   \n",
       "\n",
       "     Opp_Rolling_OffTotYd  \n",
       "57             400.000000  \n",
       "400            323.333333  \n",
       "450                   NaN  \n",
       "201                   NaN  \n",
       "451            368.000000  \n",
       "500            420.000000  "
      ]
     },
     "execution_count": 5,
     "metadata": {},
     "output_type": "execute_result"
    }
   ],
   "source": [
    "#Confirming the CSV maintains the rolling behavior of skipping the first 2 weeks\n",
    "\n",
    "reg_data.sort_values(by=['Year', 'Team', 'Week']).iloc[14:20,30:45]"
   ]
  },
  {
   "cell_type": "code",
   "execution_count": 6,
   "metadata": {},
   "outputs": [],
   "source": [
    "#Let's add a column for whether or not a team is favored\n",
    "#Based on historical data, favorites only cover ~44% of the time\n",
    "#The fact that a team is even favored to win isn't affecting their performance\n",
    "#But it could mean the betting market over-estimates the winning margin, causing favorites not to cover"
   ]
  },
  {
   "cell_type": "code",
   "execution_count": 7,
   "metadata": {},
   "outputs": [],
   "source": [
    "reg_data['is_fav'] = np.where(reg_data['Betting Spread'] < 0, 1, 0)"
   ]
  },
  {
   "cell_type": "code",
   "execution_count": 8,
   "metadata": {},
   "outputs": [],
   "source": [
    "#Getting rid of weeks w/o data\n",
    "\n",
    "reg_data = reg_data.dropna()"
   ]
  },
  {
   "cell_type": "code",
   "execution_count": 9,
   "metadata": {
    "scrolled": true
   },
   "outputs": [
    {
     "data": {
      "text/plain": [
       "Index(['Unnamed: 0', 'Week', 'Day', 'Date', 'Time', 'boxscore', 'Result', 'OT',\n",
       "       'Rec', 'Home/Away', 'Opp Name', 'Team Score', 'Opp Score', 'Off1stD_x',\n",
       "       'OffTotYd_x', 'OffPassY_x', 'OffRushY_x', 'OffTO_x', 'Def1stD_x',\n",
       "       'DefTotYd_x', 'DefPassY_x', 'DefRushY_x', 'DefTO_x', 'Offense',\n",
       "       'Defense', 'Sp. Tms', 'Team', 'Year', 'Team_Scoring_Spread',\n",
       "       'Rolling_Scoring_Spread', 'Rolling_Strength', 'Opp_Scoring_Spread',\n",
       "       'Opp_Rolling_Strength', 'Rolling_Off1stD', 'Rolling_OffTotYd',\n",
       "       'Rolling_OffPassY', 'Rolling_OffRushY', 'Rolling_OffTO',\n",
       "       'Rolling_Def1stD', 'Rolling_DefTotYd', 'Rolling_DefPassY',\n",
       "       'Rolling_DefRushY', 'Rolling_DefTO', 'Opp_Rolling_Off1stD',\n",
       "       'Opp_Rolling_OffTotYd', 'Opp_Rolling_OffPassY', 'Opp_Rolling_OffRushY',\n",
       "       'Opp_Rolling_OffTO', 'Opp_Rolling_Off1stD.1', 'Opp_Rolling_DefTotYd',\n",
       "       'Opp_Rolling_DefPassY', 'Opp_Rolling_DefRushY', 'Opp_Rolling_DefTO',\n",
       "       'Betting Spread', 'Datetime', 'Time_Rounded', 'Home_Team', 'Away_Team',\n",
       "       'is_intl', 'City', 'State', 'Temp', 'Weather Code', 'Windspeed', '0',\n",
       "       '1', '2', '3', '51', '53', '55', '61', '63', '71', '73', '75', 'Cover',\n",
       "       'is_fav'],\n",
       "      dtype='object')"
      ]
     },
     "execution_count": 9,
     "metadata": {},
     "output_type": "execute_result"
    }
   ],
   "source": [
    "reg_data.columns"
   ]
  },
  {
   "cell_type": "code",
   "execution_count": 224,
   "metadata": {
    "scrolled": true
   },
   "outputs": [],
   "source": [
    "X = reg_data[['Home/Away', 'Rolling_Scoring_Spread',\n",
    "              'Opp_Rolling_Strength', 'Rolling_Strength', 'Rolling_Off1stD', 'Rolling_OffTotYd',\n",
    "              'Rolling_OffPassY', 'Rolling_OffRushY', 'Rolling_OffTO', 'Rolling_Def1stD', \n",
    "              'Rolling_DefTotYd', 'Rolling_DefPassY', 'Rolling_DefRushY', 'Rolling_DefTO', \n",
    "              'Opp_Rolling_Off1stD','Opp_Rolling_OffTotYd', 'Opp_Rolling_OffPassY', \n",
    "              'Opp_Rolling_OffRushY', 'Opp_Rolling_OffTO', 'Opp_Rolling_DefTotYd',\n",
    "              'Opp_Rolling_DefPassY', 'Opp_Rolling_DefRushY', 'Opp_Rolling_DefTO','is_intl',\n",
    "              'Temp', 'Windspeed', '0', '1', '2', '3',\n",
    "                             '51', '53', '55', '61',\n",
    "                             '63', '71', '73', '75', 'is_fav']]"
   ]
  },
  {
   "cell_type": "code",
   "execution_count": 225,
   "metadata": {
    "scrolled": false
   },
   "outputs": [
    {
     "data": {
      "text/html": [
       "<div>\n",
       "<style scoped>\n",
       "    .dataframe tbody tr th:only-of-type {\n",
       "        vertical-align: middle;\n",
       "    }\n",
       "\n",
       "    .dataframe tbody tr th {\n",
       "        vertical-align: top;\n",
       "    }\n",
       "\n",
       "    .dataframe thead th {\n",
       "        text-align: right;\n",
       "    }\n",
       "</style>\n",
       "<table border=\"1\" class=\"dataframe\">\n",
       "  <thead>\n",
       "    <tr style=\"text-align: right;\">\n",
       "      <th></th>\n",
       "      <th>Home/Away</th>\n",
       "      <th>Rolling_Scoring_Spread</th>\n",
       "      <th>Opp_Rolling_Strength</th>\n",
       "      <th>Rolling_Strength</th>\n",
       "      <th>Rolling_Off1stD</th>\n",
       "      <th>Rolling_OffTotYd</th>\n",
       "      <th>Rolling_OffPassY</th>\n",
       "      <th>Rolling_OffRushY</th>\n",
       "      <th>Rolling_OffTO</th>\n",
       "      <th>Rolling_Def1stD</th>\n",
       "      <th>...</th>\n",
       "      <th>3</th>\n",
       "      <th>51</th>\n",
       "      <th>53</th>\n",
       "      <th>55</th>\n",
       "      <th>61</th>\n",
       "      <th>63</th>\n",
       "      <th>71</th>\n",
       "      <th>73</th>\n",
       "      <th>75</th>\n",
       "      <th>is_fav</th>\n",
       "    </tr>\n",
       "  </thead>\n",
       "  <tbody>\n",
       "    <tr>\n",
       "      <th>1</th>\n",
       "      <td>1</td>\n",
       "      <td>27.0</td>\n",
       "      <td>-0.23</td>\n",
       "      <td>2.08</td>\n",
       "      <td>25.333333</td>\n",
       "      <td>383.333333</td>\n",
       "      <td>274.666667</td>\n",
       "      <td>108.666667</td>\n",
       "      <td>2.000000</td>\n",
       "      <td>24.666667</td>\n",
       "      <td>...</td>\n",
       "      <td>0</td>\n",
       "      <td>0</td>\n",
       "      <td>0</td>\n",
       "      <td>0</td>\n",
       "      <td>0</td>\n",
       "      <td>0</td>\n",
       "      <td>0</td>\n",
       "      <td>0</td>\n",
       "      <td>0</td>\n",
       "      <td>0</td>\n",
       "    </tr>\n",
       "    <tr>\n",
       "      <th>2</th>\n",
       "      <td>1</td>\n",
       "      <td>49.0</td>\n",
       "      <td>2.00</td>\n",
       "      <td>5.44</td>\n",
       "      <td>22.333333</td>\n",
       "      <td>394.666667</td>\n",
       "      <td>289.333333</td>\n",
       "      <td>105.333333</td>\n",
       "      <td>0.333333</td>\n",
       "      <td>19.000000</td>\n",
       "      <td>...</td>\n",
       "      <td>0</td>\n",
       "      <td>0</td>\n",
       "      <td>0</td>\n",
       "      <td>0</td>\n",
       "      <td>0</td>\n",
       "      <td>0</td>\n",
       "      <td>0</td>\n",
       "      <td>0</td>\n",
       "      <td>0</td>\n",
       "      <td>1</td>\n",
       "    </tr>\n",
       "    <tr>\n",
       "      <th>3</th>\n",
       "      <td>1</td>\n",
       "      <td>38.0</td>\n",
       "      <td>3.00</td>\n",
       "      <td>6.33</td>\n",
       "      <td>17.333333</td>\n",
       "      <td>326.666667</td>\n",
       "      <td>226.666667</td>\n",
       "      <td>100.000000</td>\n",
       "      <td>1.000000</td>\n",
       "      <td>17.666667</td>\n",
       "      <td>...</td>\n",
       "      <td>0</td>\n",
       "      <td>0</td>\n",
       "      <td>0</td>\n",
       "      <td>0</td>\n",
       "      <td>0</td>\n",
       "      <td>0</td>\n",
       "      <td>0</td>\n",
       "      <td>0</td>\n",
       "      <td>0</td>\n",
       "      <td>1</td>\n",
       "    </tr>\n",
       "    <tr>\n",
       "      <th>4</th>\n",
       "      <td>1</td>\n",
       "      <td>23.0</td>\n",
       "      <td>2.00</td>\n",
       "      <td>4.60</td>\n",
       "      <td>23.333333</td>\n",
       "      <td>381.666667</td>\n",
       "      <td>270.000000</td>\n",
       "      <td>111.666667</td>\n",
       "      <td>0.666667</td>\n",
       "      <td>22.333333</td>\n",
       "      <td>...</td>\n",
       "      <td>0</td>\n",
       "      <td>0</td>\n",
       "      <td>0</td>\n",
       "      <td>0</td>\n",
       "      <td>0</td>\n",
       "      <td>0</td>\n",
       "      <td>0</td>\n",
       "      <td>0</td>\n",
       "      <td>0</td>\n",
       "      <td>0</td>\n",
       "    </tr>\n",
       "    <tr>\n",
       "      <th>5</th>\n",
       "      <td>1</td>\n",
       "      <td>-23.0</td>\n",
       "      <td>9.00</td>\n",
       "      <td>-5.75</td>\n",
       "      <td>23.333333</td>\n",
       "      <td>336.000000</td>\n",
       "      <td>207.333333</td>\n",
       "      <td>128.666667</td>\n",
       "      <td>2.000000</td>\n",
       "      <td>26.333333</td>\n",
       "      <td>...</td>\n",
       "      <td>0</td>\n",
       "      <td>0</td>\n",
       "      <td>0</td>\n",
       "      <td>0</td>\n",
       "      <td>0</td>\n",
       "      <td>0</td>\n",
       "      <td>0</td>\n",
       "      <td>0</td>\n",
       "      <td>0</td>\n",
       "      <td>0</td>\n",
       "    </tr>\n",
       "  </tbody>\n",
       "</table>\n",
       "<p>5 rows × 39 columns</p>\n",
       "</div>"
      ],
      "text/plain": [
       "   Home/Away  Rolling_Scoring_Spread  Opp_Rolling_Strength  Rolling_Strength  \\\n",
       "1          1                    27.0                 -0.23              2.08   \n",
       "2          1                    49.0                  2.00              5.44   \n",
       "3          1                    38.0                  3.00              6.33   \n",
       "4          1                    23.0                  2.00              4.60   \n",
       "5          1                   -23.0                  9.00             -5.75   \n",
       "\n",
       "   Rolling_Off1stD  Rolling_OffTotYd  Rolling_OffPassY  Rolling_OffRushY  \\\n",
       "1        25.333333        383.333333        274.666667        108.666667   \n",
       "2        22.333333        394.666667        289.333333        105.333333   \n",
       "3        17.333333        326.666667        226.666667        100.000000   \n",
       "4        23.333333        381.666667        270.000000        111.666667   \n",
       "5        23.333333        336.000000        207.333333        128.666667   \n",
       "\n",
       "   Rolling_OffTO  Rolling_Def1stD  ...  3  51  53  55  61  63  71  73  75  \\\n",
       "1       2.000000        24.666667  ...  0   0   0   0   0   0   0   0   0   \n",
       "2       0.333333        19.000000  ...  0   0   0   0   0   0   0   0   0   \n",
       "3       1.000000        17.666667  ...  0   0   0   0   0   0   0   0   0   \n",
       "4       0.666667        22.333333  ...  0   0   0   0   0   0   0   0   0   \n",
       "5       2.000000        26.333333  ...  0   0   0   0   0   0   0   0   0   \n",
       "\n",
       "   is_fav  \n",
       "1       0  \n",
       "2       1  \n",
       "3       1  \n",
       "4       0  \n",
       "5       0  \n",
       "\n",
       "[5 rows x 39 columns]"
      ]
     },
     "execution_count": 225,
     "metadata": {},
     "output_type": "execute_result"
    }
   ],
   "source": [
    "X.head()"
   ]
  },
  {
   "cell_type": "code",
   "execution_count": 226,
   "metadata": {},
   "outputs": [],
   "source": [
    "y = reg_data['Cover']"
   ]
  },
  {
   "cell_type": "code",
   "execution_count": 227,
   "metadata": {},
   "outputs": [],
   "source": [
    "import plotly.express as px"
   ]
  },
  {
   "cell_type": "code",
   "execution_count": 228,
   "metadata": {
    "scrolled": true
   },
   "outputs": [
    {
     "data": {
      "application/vnd.plotly.v1+json": {
       "config": {
        "plotlyServerURL": "https://plot.ly"
       },
       "data": [
        {
         "coloraxis": "coloraxis",
         "hovertemplate": "x: %{x}<br>y: %{y}<br>color: %{z}<extra></extra>",
         "name": "0",
         "texttemplate": "%{z}",
         "type": "heatmap",
         "x": [
          "Home/Away",
          "Rolling_Scoring_Spread",
          "Opp_Rolling_Strength",
          "Rolling_Strength",
          "Rolling_Off1stD",
          "Rolling_OffTotYd",
          "Rolling_OffPassY",
          "Rolling_OffRushY",
          "Rolling_OffTO",
          "Rolling_Def1stD",
          "Rolling_DefTotYd",
          "Rolling_DefPassY",
          "Rolling_DefRushY",
          "Rolling_DefTO",
          "Opp_Rolling_Off1stD",
          "Opp_Rolling_OffTotYd",
          "Opp_Rolling_OffPassY",
          "Opp_Rolling_OffRushY",
          "Opp_Rolling_OffTO",
          "Opp_Rolling_DefTotYd",
          "Opp_Rolling_DefPassY",
          "Opp_Rolling_DefRushY",
          "Opp_Rolling_DefTO",
          "is_intl",
          "Temp",
          "Windspeed",
          "0",
          "1",
          "2",
          "3",
          "51",
          "53",
          "55",
          "61",
          "63",
          "71",
          "73",
          "75",
          "is_fav"
         ],
         "xaxis": "x",
         "y": [
          "Home/Away",
          "Rolling_Scoring_Spread",
          "Opp_Rolling_Strength",
          "Rolling_Strength",
          "Rolling_Off1stD",
          "Rolling_OffTotYd",
          "Rolling_OffPassY",
          "Rolling_OffRushY",
          "Rolling_OffTO",
          "Rolling_Def1stD",
          "Rolling_DefTotYd",
          "Rolling_DefPassY",
          "Rolling_DefRushY",
          "Rolling_DefTO",
          "Opp_Rolling_Off1stD",
          "Opp_Rolling_OffTotYd",
          "Opp_Rolling_OffPassY",
          "Opp_Rolling_OffRushY",
          "Opp_Rolling_OffTO",
          "Opp_Rolling_DefTotYd",
          "Opp_Rolling_DefPassY",
          "Opp_Rolling_DefRushY",
          "Opp_Rolling_DefTO",
          "is_intl",
          "Temp",
          "Windspeed",
          "0",
          "1",
          "2",
          "3",
          "51",
          "53",
          "55",
          "61",
          "63",
          "71",
          "73",
          "75",
          "is_fav"
         ],
         "yaxis": "y",
         "z": [
          [
           1,
           -0.013040835897490654,
           0.0049569345543529165,
           -0.01465561781339079,
           -0.027357888066811893,
           -0.013821635462004841,
           -0.013305773190124236,
           -0.0010276009022462944,
           -0.021093773429925196,
           0.031878232724299654,
           0.010092657093145484,
           0.0068425106604414745,
           0.0061799646663700854,
           -0.01926241888334612,
           0.028257432620237378,
           0.01350027839579778,
           0.015300003310802402,
           -0.002532777198807584,
           0.022934009529389288,
           -0.011418654972921867,
           -0.008042105438026434,
           -0.0063828904698772036,
           0.007083574066348336,
           0.0998937007308698,
           0.0011094572174676271,
           -0.0012945000698937916,
           -0.003363683783277845,
           0.012817842938814102,
           -0.0007569192386063891,
           -0.004267791053371889,
           -0.0026011899565829394,
           0.006995628972677123,
           -0.008951201036938137,
           -0.0011288375826708655,
           -0.007936703822011261,
           -0.0007108354741219761,
           -0.0006151569402495977,
           -0.0003546492653790299,
           -0.21348045154602716
          ],
          [
           -0.013040835897490654,
           1,
           -0.1484858861338048,
           0.8907692841846503,
           0.40036993344133043,
           0.4463864916828828,
           0.29356704935020456,
           0.2436280850361627,
           -0.22338624808193125,
           -0.27480130079405723,
           -0.32206675831011905,
           -0.15171102039137382,
           -0.2971795216547313,
           0.26036396906071235,
           -0.1089245899003445,
           -0.10567766065503187,
           -0.0370832494332956,
           -0.10806444018342215,
           0.10469745417822358,
           0.15402758325066238,
           0.10253348845999836,
           0.09498874146137776,
           -0.09214166687956467,
           -0.022264413238602395,
           -0.012977827361109133,
           -0.013294481907214818,
           0.018822219480192068,
           0.016323927234354503,
           -0.01633078302235767,
           -0.034820306691031894,
           0.02621078621493969,
           -0.05028696374897823,
           0.0008100717835507985,
           -0.012635870230129445,
           0.007237012303932887,
           0.0457341576029135,
           0.04157707024183595,
           -0.03183116460882784,
           0.45729224242735755
          ],
          [
           0.0049569345543529165,
           -0.1484858861338048,
           1,
           -0.1890319998668442,
           -0.10944453608076858,
           -0.10798247163492072,
           -0.04104657161824518,
           -0.1052520261121744,
           0.11638004085924454,
           0.15109997727302393,
           0.16703216590192513,
           0.11400377213482267,
           0.10113583497669029,
           -0.09210343530847923,
           0.4078156295488362,
           0.46027860300145534,
           0.2921564724275213,
           0.26860332881579335,
           -0.27160726144178843,
           -0.3646289282393146,
           -0.18230210902979488,
           -0.31517944020573135,
           0.32310972374246727,
           -0.04691523208694735,
           -0.005567614345213475,
           -0.010794471468397206,
           0.01702436207679567,
           0.03699055956442024,
           -0.0348840797314866,
           -0.04115956750172836,
           0.028354275452742314,
           -0.051426574515289064,
           0.01501271174375533,
           -0.004980758345436237,
           0.0006555356743405634,
           0.03813566305886265,
           0.031915428978402105,
           -0.0209666442888668,
           -0.4577812153958948
          ],
          [
           -0.01465561781339079,
           0.8907692841846503,
           -0.1890319998668442,
           1,
           0.4090137370077612,
           0.46033044661413297,
           0.2920214638747337,
           0.267800276559678,
           -0.2699219389887013,
           -0.29909113914994795,
           -0.35862696907338276,
           -0.18085365861534827,
           -0.313031595781346,
           0.32184269802053295,
           -0.10878327025573697,
           -0.10687792146648985,
           -0.040719226580084325,
           -0.10431926090695183,
           0.11699560558552069,
           0.16775531006034716,
           0.11536193295023675,
           0.09793924595582819,
           -0.09083648533722183,
           -0.04622901015374971,
           -0.00856160656535178,
           -0.006342480908142707,
           0.015754970987818896,
           0.03839923579672766,
           -0.03945221982228077,
           -0.03773604968460822,
           0.03053941838115905,
           -0.055418721876136064,
           0.01293531447104791,
           -0.004064343127842389,
           0.0031493763063577965,
           0.03878883068547804,
           0.03247867569192004,
           -0.020714504484892537,
           0.45849556442866585
          ],
          [
           -0.027357888066811893,
           0.40036993344133043,
           -0.10944453608076858,
           0.4090137370077612,
           1,
           0.8360887961697865,
           0.6557792830206213,
           0.2926089613822308,
           -0.08253854085346649,
           -0.005596407497145172,
           0.00416484986513379,
           0.1151843261890892,
           -0.16600799356407908,
           0.07087678278030946,
           -0.009308584466313288,
           -0.0016605681751204009,
           0.041769206180443684,
           -0.06720675011271236,
           0.0069664243345866775,
           0.35174368450634574,
           0.29804808127053706,
           0.12141582231933722,
           -0.0031119709233302477,
           0.00016034656812074734,
           0.09698766006545158,
           -0.018125517691611318,
           0.06621992715600346,
           -0.00020424092060225966,
           -0.026895012368693197,
           -0.051239605416757004,
           -0.00046800464529755503,
           -0.0582880625178366,
           0.015440142814079676,
           0.035155983617236465,
           0.00041357427209848366,
           -0.029361244468470597,
           0.029753831512817228,
           -0.011814993261972447,
           0.29668541493861494
          ],
          [
           -0.013821635462004841,
           0.4463864916828828,
           -0.10798247163492072,
           0.46033044661413297,
           0.8360887961697865,
           1,
           0.7929731497277424,
           0.3366331730449657,
           -0.09658808665692724,
           0.018427589222810698,
           0.03247832470271471,
           0.13617764883542136,
           -0.15136776890158,
           0.05864435359928622,
           -0.00259400251887641,
           0.00872370645834064,
           0.038473832281449946,
           -0.04585442415764488,
           0.0032454128383420113,
           0.4053550426458176,
           0.3520346600557403,
           0.1271285830033398,
           -0.006904019000968206,
           -0.014741951513940735,
           0.09036982534305418,
           0.0011495329986547316,
           0.06209461404213245,
           0.011405919950101187,
           -0.015604512689505962,
           -0.06277308093668534,
           -0.001013038482442119,
           -0.05051292980124434,
           -0.022559026551893038,
           0.023228217779911065,
           0.009848729522303404,
           -0.015892218827464152,
           0.029689820175783498,
           -0.005966286660354552,
           0.30853676105346817
          ],
          [
           -0.013305773190124236,
           0.29356704935020456,
           -0.04104657161824518,
           0.2920214638747337,
           0.6557792830206213,
           0.7929731497277424,
           1,
           -0.3067567833890896,
           0.005887926593933891,
           0.09821681711325908,
           0.12662295487165737,
           0.15683168326995833,
           -0.028954564079655187,
           -0.03324953786333946,
           0.043009085635470456,
           0.041379346229671626,
           0.05664666173512874,
           -0.02284574474755382,
           -0.008264457200468782,
           0.3259167095388868,
           0.43542560737126595,
           -0.12553642427726813,
           0.017308096109050857,
           0.0010495759866531167,
           0.15880707540293942,
           -0.018393493535860565,
           0.07429348113848078,
           0.0045576427181724865,
           -0.011707667160123062,
           -0.0480875326439606,
           -0.01663074101837082,
           -0.056721469775681085,
           -0.020375572209697636,
           0.014602242189972244,
           0.0026293016922162922,
           -0.02348094693493165,
           -0.009518053820189814,
           -0.0147648137995192,
           0.2249607976643489
          ],
          [
           -0.0010276009022462944,
           0.2436280850361627,
           -0.1052520261121744,
           0.267800276559678,
           0.2926089613822308,
           0.3366331730449657,
           -0.3067567833890896,
           1,
           -0.15999114540459988,
           -0.12301109706740185,
           -0.14496394586104136,
           -0.02965268698723292,
           -0.1917178469838887,
           0.14300370018947095,
           -0.07052502864856133,
           -0.05032552601469245,
           -0.0274459062019843,
           -0.03632511439670708,
           0.017843145922211482,
           0.12953028045116496,
           -0.12301882157022892,
           0.3926244839225899,
           -0.03753605087315912,
           -0.024652224408898575,
           -0.10426728312342701,
           0.030223858712060042,
           -0.017819260883208687,
           0.01077440497446553,
           -0.006282784161350845,
           -0.023743224214487785,
           0.02412104333433478,
           0.008753903243459557,
           -0.0037505375911785223,
           0.013718920255224634,
           0.0113220888570624,
           0.01146393796717778,
           0.0610924109583379,
           0.013499137821107092,
           0.1343119033168343
          ],
          [
           -0.021093773429925196,
           -0.22338624808193125,
           0.11638004085924454,
           -0.2699219389887013,
           -0.08253854085346649,
           -0.09658808665692724,
           0.005887926593933891,
           -0.15999114540459988,
           1,
           0.005983999529476628,
           0.035201099961625154,
           -0.04695262125221172,
           0.12779210129349747,
           -0.11917403990030813,
           0.007625887098209034,
           0.004971134630363168,
           -0.007518146566913104,
           0.019410465650922165,
           -0.012660139927672193,
           -0.062268713168003684,
           -0.04512496714596352,
           -0.03291017509256929,
           0.3544749140460813,
           -0.002843342289188095,
           -0.016282617745174345,
           -0.006432516248366343,
           -0.012456025691303408,
           -0.02007578588028373,
           0.008503373944387306,
           0.047125758022373586,
           -0.01854705913795707,
           -0.04190617191890842,
           -0.004250989425739939,
           0.0382950476881866,
           0.004488447982781517,
           -0.010942918880607489,
           0.024695294082674457,
           -0.00782325958259059,
           -0.10339182605291784
          ],
          [
           0.031878232724299654,
           -0.27480130079405723,
           0.15109997727302393,
           -0.29909113914994795,
           -0.005596407497145172,
           0.018427589222810698,
           0.09821681711325908,
           -0.12301109706740185,
           0.005983999529476628,
           1,
           0.8356988909717799,
           0.6486953471544646,
           0.3885291104273163,
           -0.07047188699765429,
           0.4412511946563505,
           0.38254722258109136,
           0.30967859041793605,
           0.11982295748433151,
           -0.06036479453758633,
           0.04030799014881548,
           0.08244876168626111,
           -0.05826794707231111,
           0.017703905677874304,
           0.011121570172788328,
           0.06733991602343248,
           0.03932373184124304,
           0.02659355119306616,
           -0.023287982500592254,
           -0.004633275790944344,
           -0.010622204078472782,
           0.037043190379139015,
           -0.013412527325046775,
           -0.018336290030410825,
           0.014046544591858926,
           -0.04522907402601402,
           -0.026691436795204103,
           0.0005133887253904993,
           0.011584675252705776,
           -0.17843546509838484
          ],
          [
           0.010092657093145484,
           -0.32206675831011905,
           0.16703216590192513,
           -0.35862696907338276,
           0.00416484986513379,
           0.03247832470271471,
           0.12662295487165737,
           -0.14496394586104136,
           0.035201099961625154,
           0.8356988909717799,
           1,
           0.7988601577382559,
           0.4309679226192359,
           -0.08706649912329059,
           0.3551902400982262,
           0.4095444613452694,
           0.33082465629009766,
           0.12937528250658,
           -0.06160339988610276,
           0.02201718816041822,
           0.06477173944412991,
           -0.06132570039055195,
           0.016611227488196947,
           -0.0031786637543422197,
           0.06813022550175271,
           0.05468517333588786,
           0.0221873328759708,
           -0.006528668820887004,
           -0.011683935174495437,
           -0.0030049347959483037,
           0.03046404383680426,
           -0.02352703530158663,
           -0.010905225157041227,
           -0.00017225453816836474,
           -0.028380326049718737,
           -0.030110769049309576,
           -0.01667519873615648,
           -0.011080479913386294,
           -0.21319672422778246
          ],
          [
           0.0068425106604414745,
           -0.15171102039137382,
           0.11400377213482267,
           -0.18085365861534827,
           0.1151843261890892,
           0.13617764883542136,
           0.15683168326995833,
           -0.02965268698723292,
           -0.04695262125221172,
           0.6486953471544646,
           0.7988601577382559,
           1,
           -0.19850594737262833,
           -0.017592436103976098,
           0.30285462471990016,
           0.35584756234119325,
           0.437307034962889,
           -0.11938352115814381,
           -0.04656819322552473,
           0.059645286441038545,
           0.08281575780158291,
           -0.027651567538312077,
           -0.018672639619604275,
           9.018733353692443e-05,
           0.12319746559292008,
           0.020065162908292078,
           0.0362736280937715,
           0.008131710474299744,
           -0.018124993707947894,
           -0.010119793996887583,
           0.02534050476275721,
           -0.04564255315317038,
           -0.027577339986728726,
           -0.013675260557493294,
           0.001245045605657839,
           -0.06498958169049211,
           -0.019527847305189038,
           -0.010284487223524538,
           -0.11584151285250158
          ],
          [
           0.0061799646663700854,
           -0.2971795216547313,
           0.10113583497669029,
           -0.313031595781346,
           -0.16600799356407908,
           -0.15136776890158,
           -0.028954564079655187,
           -0.1917178469838887,
           0.12779210129349747,
           0.3885291104273163,
           0.4309679226192359,
           -0.19850594737262833,
           1,
           -0.11547310272187326,
           0.12441173527895823,
           0.1334779223678357,
           -0.11698826354455308,
           0.3898951064728971,
           -0.030515956777487634,
           -0.05360268303629534,
           -0.01869850737020945,
           -0.05844131240287228,
           0.05507782622380599,
           -0.005314547305541105,
           -0.0738049980929218,
           0.05900213565737851,
           -0.018264387980203807,
           -0.022836495465615645,
           0.008152689347267757,
           0.010285057906721235,
